    日期      時間 高度(米)  時間 高度(米)  時間 高度(米)  時間 高度(米)
01  01     0051   1.1     0656   1.5     1216   1.0     1904   2.1
01  02     0205   0.9     0829   1.5     1301   1.1     1931   2.2
01  03     0300   0.7     0934   1.5     1342   1.1     2000   2.3
01  04     0346   0.5     1021   1.5     1418   1.2     2030   2.4
01  05     0427   0.4     1059   1.5     1453   1.2     2103   2.5
01  06     0505   0.3     1134   1.5     1527   1.2     2136   2.5
01  07     0541   0.3     1208   1.5     1601   1.2     2210   2.5
01  08     0614   0.3     1242   1.5     1636   1.2     2243   2.5
01  09     0644   0.4     1314   1.5     1712   1.2     2317   2.4
01  10     0713   0.4     1346   1.5     1750   1.2     2351   2.3
01  11     0740   0.5     1419   1.5     1833   1.3               
01  12     0027   2.2     0810   0.6     1459   1.5     1928   1.3
01  13     0106   2.0     0844   0.7     1544   1.6     2052   1.3
01  14     0154   1.8     0921   0.8     1633   1.7     2225   1.3
01  15     0306   1.6     1004   0.9     1718   1.8     2354   1.1
01  16     0502   1.4     1052   1.0     1758   2.0               
01  17     0116   0.9     0657   1.4     1145   1.1     1837   2.1
01  18     0215   0.6     0825   1.4     1241   1.1     1918   2.3
01  19     0307   0.4     0932   1.4     1336   1.1     2002   2.5
01  20     0355   0.2     1025   1.5     1429   1.1     2047   2.7
01  21     0443   0.1     1112   1.5     1520   1.1     2134   2.7
01  22     0529   0.0     1156   1.6     1609   1.0     2223   2.7
01  23     0613   0.0     1238   1.6     1659   1.0     2312   2.7
01  24     0656   0.1     1320   1.6     1750   1.0               
01  25     0002   2.5     0738   0.2     1403   1.7     1845   1.0
01  26     0053   2.3     0818   0.4     1449   1.7     1951   1.1
01  27     0147   2.0     0859   0.6     1538   1.8     2119   1.1
01  28     0302   1.7     0942   0.8     1632   1.8     2250   1.1
01  29     0505   1.4     1027   1.0     1727   1.9               
01  30     0039   0.9     0721   1.3     1119   1.1     1815   2.0
01  31     0209   0.7     0857   1.3     1217   1.2     1857   2.1
02  01     0300   0.6     0948   1.4     1311   1.2     1935   2.2
02  02     0340   0.4     1020   1.4     1357   1.2     2012   2.3
02  03     0416   0.4     1047   1.4     1438   1.2     2049   2.4
02  04     0449   0.3     1112   1.5     1517   1.1     2125   2.4
02  05     0521   0.3     1138   1.5     1554   1.1     2201   2.4
02  06     0549   0.3     1202   1.5     1631   1.0     2235   2.4
02  07     0613   0.4     1220   1.5     1709   1.0     2310   2.3
02  08     0634   0.5     1238   1.6     1748   1.0     2345   2.2
02  09     0655   0.5     1300   1.6     1830   1.0               
02  10     0021   2.1     0719   0.6     1327   1.7     1919   1.0
02  11     0100   1.9     0746   0.7     1359   1.7     2021   1.0
02  12     0145   1.7     0815   0.9     1439   1.8     2141   1.0
02  13     0255   1.5     0847   1.0     1535   1.8     2306   0.9
02  14     0458   1.3     0929   1.1     1642   2.0               
02  15     0039   0.7     0724   1.3     1038   1.2     1748   2.1
02  16     0153   0.5     0845   1.4     1209   1.2     1850   2.3
02  17     0250   0.3     0934   1.4     1324   1.2     1947   2.4
02  18     0339   0.1     1013   1.5     1425   1.1     2041   2.6
02  19     0425   0.0     1050   1.6     1519   0.9     2133   2.6
02  20     0508   0.0     1124   1.7     1610   0.8     2225   2.6
02  21     0548   0.1     1158   1.7     1659   0.8     2316   2.5
02  22     0625   0.2     1229   1.8     1749   0.7               
02  23     0006   2.3     0659   0.4     1259   1.9     1842   0.7
02  24     0056   2.1     0731   0.6     1330   1.9     1942   0.8
02  25     0151   1.8     0801   0.8     1405   1.9     2055   0.9
02  26     0310   1.5     0829   1.0     1448   1.9     2217   0.9
02  27     0506   1.3     0859   1.2     1548   1.9               
02  28     0007   0.8     0808   1.3     0941   1.3     1710   1.9
03  01     0148   0.7     0916   1.4     1136   1.4     1819   2.0
03  02     0239   0.6     0944   1.4     1259   1.3     1912   2.1
03  03     0316   0.5     1002   1.5     1353   1.2     1956   2.2
03  04     0349   0.4     1019   1.5     1437   1.1     2037   2.2
03  05     0419   0.4     1038   1.6     1515   1.0     2115   2.3
03  06     0446   0.4     1056   1.6     1552   0.9     2152   2.3
03  07     0510   0.4     1111   1.7     1628   0.8     2229   2.3
03  08     0530   0.5     1124   1.7     1705   0.8     2305   2.2
03  09     0548   0.6     1141   1.8     1743   0.7     2343   2.1
03  10     0609   0.6     1202   1.9     1824   0.7               
03  11     0022   2.0     0633   0.7     1226   1.9     1911   0.7
03  12     0104   1.8     0659   0.9     1253   2.0     2007   0.7
03  13     0159   1.6     0726   1.0     1326   2.0     2119   0.7
03  14     0329   1.4     0753   1.1     1412   2.0     2239   0.7
03  15     0540   1.3     0828   1.3     1525   2.0               
03  16     0006   0.6     0800   1.4     0952   1.4     1711   2.1
03  17     0124   0.4     0846   1.5     1211   1.3     1833   2.2
03  18     0223   0.3     0917   1.6     1327   1.2     1939   2.4
03  19     0312   0.2     0946   1.7     1427   1.0     2037   2.5
03  20     0355   0.1     1014   1.8     1520   0.8     2132   2.5
03  21     0435   0.2     1039   1.9     1610   0.7     2226   2.4
03  22     0511   0.3     1103   2.0     1659   0.5     2319   2.3
03  23     0543   0.5     1129   2.1     1748   0.5               
03  24     0011   2.1     0612   0.6     1158   2.1     1839   0.5
03  25     0104   1.9     0638   0.8     1229   2.2     1934   0.6
03  26     0204   1.7     0704   1.0     1304   2.1     2035   0.7
03  27     0318   1.5     0729   1.2     1343   2.1     2146   0.7
03  28     0516   1.3     0749   1.3     1434   2.0     2315   0.7
03  29     1549   1.9                                             
03  30     0050   0.7     0903   1.5     1119   1.5     1725   1.9
03  31     0149   0.6     0916   1.6     1256   1.4     1840   1.9
04  01     0230   0.5     0927   1.6     1350   1.2     1933   2.0
04  02     0303   0.5     0939   1.7     1432   1.1     2018   2.1
04  03     0333   0.5     0953   1.7     1511   0.9     2100   2.1
04  04     0359   0.5     1006   1.8     1547   0.8     2140   2.1
04  05     0420   0.6     1020   1.9     1623   0.7     2220   2.1
04  06     0440   0.7     1036   2.0     1659   0.6     2301   2.0
04  07     0502   0.7     1057   2.1     1737   0.5     2343   2.0
04  08     0527   0.8     1120   2.2     1819   0.5               
04  09     0028   1.8     0554   0.9     1145   2.2     1906   0.5
04  10     0122   1.7     0621   1.0     1214   2.2     2003   0.5
04  11     0232   1.5     0649   1.2     1250   2.2     2109   0.5
04  12     0400   1.4     0719   1.3     1338   2.2     2223   0.5
04  13     1451   2.1     2340   0.5                              
04  14     0747   1.5     1033   1.5     1654   2.1               
04  15     0050   0.4     0818   1.6     1220   1.4     1825   2.1
04  16     0147   0.3     0844   1.8     1330   1.1     1934   2.2
04  17     0235   0.3     0907   1.9     1428   0.9     2033   2.2
04  18     0317   0.4     0928   2.0     1520   0.7     2130   2.2
04  19     0354   0.4     0951   2.1     1610   0.5     2226   2.2
04  20     0428   0.6     1017   2.3     1659   0.4     2323   2.0
04  21     0458   0.7     1046   2.4     1747   0.4               
04  22     0018   1.9     0526   0.9     1117   2.4     1835   0.4
04  23     0111   1.7     0553   1.0     1150   2.4     1925   0.4
04  24     0207   1.6     0620   1.2     1224   2.3     2019   0.5
04  25     0314   1.5     0646   1.3     1301   2.2     2118   0.6
04  26     1348   2.1     2225   0.6                              
04  27     1455   1.9     2340   0.6                              
04  28     0820   1.6     1055   1.5     1621   1.9               
04  29     0042   0.6     0829   1.7     1237   1.4     1748   1.8
04  30     0128   0.6     0836   1.7     1333   1.2     1857   1.8
05  01     0205   0.6     0848   1.8     1418   1.0     1951   1.9
05  02     0236   0.7     0903   1.9     1457   0.9     2039   1.9
05  03     0301   0.7     0917   2.0     1535   0.7     2125   1.9
05  04     0325   0.8     0933   2.1     1613   0.5     2211   1.9
05  05     0351   0.8     0954   2.3     1651   0.4     2258   1.9
05  06     0419   0.9     1019   2.4     1732   0.3     2347   1.8
05  07     0449   1.0     1047   2.4     1816   0.3               
05  08     0042   1.7     0520   1.0     1118   2.5     1906   0.3
05  09     0142   1.6     0553   1.2     1153   2.4     2002   0.3
05  10     0248   1.5     0629   1.3     1235   2.4     2103   0.3
05  11     0405   1.5     0714   1.4     1330   2.3     2207   0.4
05  12     0557   1.5     0833   1.5     1450   2.1     2312   0.4
05  13     0659   1.6     1051   1.4     1649   2.0               
05  14     0014   0.4     0734   1.8     1218   1.3     1817   2.0
05  15     0108   0.4     0800   1.9     1326   1.0     1927   2.0
05  16     0154   0.5     0822   2.0     1425   0.8     2030   2.0
05  17     0235   0.6     0845   2.2     1519   0.6     2132   1.9
05  18     0312   0.7     0910   2.3     1610   0.4     2233   1.8
05  19     0345   0.8     0940   2.5     1658   0.3     2329   1.8
05  20     0416   0.9     1012   2.5     1745   0.3               
05  21     0019   1.7     0446   1.0     1045   2.5     1830   0.3
05  22     0107   1.6     0516   1.1     1120   2.5     1915   0.3
05  23     0157   1.5     0547   1.2     1155   2.4     2001   0.4
05  24     0254   1.5     0618   1.3     1233   2.3     2048   0.5
05  25     0408   1.4     0654   1.4     1316   2.1     2138   0.5
05  26     0615   1.5     0807   1.5     1412   2.0     2231   0.6
05  27     0654   1.6     1012   1.5     1528   1.8     2326   0.7
05  28     0715   1.7     1154   1.4     1646   1.7               
05  29     0015   0.7     0736   1.8     1303   1.2     1806   1.7
05  30     0055   0.7     0755   1.9     1354   1.0     1918   1.7
05  31     0130   0.8     0811   2.0     1438   0.8     2017   1.7
06  01     0202   0.8     0827   2.2     1520   0.6     2111   1.7
06  02     0234   0.9     0849   2.3     1601   0.4     2204   1.7
06  03     0307   0.9     0917   2.4     1643   0.3     2258   1.7
06  04     0342   1.0     0949   2.5     1728   0.2     2354   1.6
06  05     0418   1.0     1024   2.6     1815   0.1               
06  06     0048   1.6     0456   1.1     1103   2.6     1905   0.1
06  07     0143   1.6     0538   1.2     1147   2.6     1957   0.1
06  08     0240   1.5     0626   1.3     1236   2.4     2050   0.2
06  09     0342   1.6     0726   1.3     1336   2.3     2145   0.3
06  10     0451   1.6     0900   1.4     1500   2.1     2240   0.4
06  11     0555   1.7     1044   1.3     1642   1.9     2335   0.5
06  12     0639   1.9     1207   1.1     1809   1.8               
06  13     0026   0.6     0712   2.0     1320   0.9     1925   1.7
06  14     0113   0.7     0739   2.2     1423   0.7     2039   1.7
06  15     0154   0.8     0807   2.3     1519   0.5     2147   1.6
06  16     0232   0.9     0837   2.4     1609   0.3     2242   1.6
06  17     0308   1.0     0910   2.5     1656   0.2     2328   1.6
06  18     0342   1.1     0945   2.6     1739   0.2               
06  19     0011   1.6     0416   1.1     1021   2.5     1820   0.2
06  20     0053   1.5     0450   1.2     1058   2.5     1900   0.3
06  21     0135   1.5     0526   1.2     1135   2.4     1937   0.3
06  22     0219   1.5     0605   1.3     1213   2.3     2014   0.4
06  23     0309   1.5     0651   1.3     1253   2.1     2051   0.5
06  24     0409   1.5     0755   1.4     1339   2.0     2130   0.6
06  25     0513   1.6     0926   1.4     1439   1.8     2211   0.7
06  26     0558   1.7     1054   1.3     1556   1.7     2254   0.8
06  27     0629   1.8     1219   1.1     1718   1.5     2338   0.9
06  28     0651   1.9     1325   0.9     1849   1.5               
06  29     0022   0.9     0712   2.1     1416   0.7     2003   1.5
06  30     0105   1.0     0738   2.2     1503   0.5     2106   1.5
07  01     0148   1.0     0810   2.4     1549   0.3     2205   1.5
07  02     0231   1.1     0847   2.6     1635   0.2     2259   1.6
07  03     0314   1.1     0928   2.7     1721   0.1     2350   1.6
07  04     0359   1.1     1011   2.7     1808   0.0               
07  05     0038   1.6     0446   1.1     1058   2.7     1854   0.0
07  06     0125   1.6     0535   1.1     1148   2.6     1940   0.1
07  07     0214   1.6     0629   1.1     1241   2.5     2026   0.2
07  08     0304   1.7     0733   1.2     1343   2.2     2113   0.4
07  09     0357   1.7     0900   1.2     1502   2.0     2201   0.6
07  10     0451   1.8     1029   1.1     1633   1.8     2251   0.7
07  11     0541   2.0     1154   1.0     1808   1.6     2341   0.9
07  12     0624   2.1     1317   0.8     1943   1.5               
07  13     0030   1.0     0700   2.2     1425   0.6     2105   1.5
07  14     0117   1.1     0735   2.3     1520   0.4     2200   1.5
07  15     0200   1.1     0811   2.4     1606   0.3     2242   1.5
07  16     0241   1.2     0849   2.5     1648   0.3     2318   1.5
07  17     0320   1.2     0927   2.5     1727   0.2     2353   1.5
07  18     0358   1.1     1005   2.5     1803   0.3               
07  19     0027   1.6     0436   1.1     1042   2.5     1835   0.3
07  20     0059   1.6     0515   1.1     1119   2.4     1905   0.4
07  21     0131   1.6     0556   1.2     1156   2.3     1932   0.5
07  22     0202   1.6     0641   1.2     1234   2.2     2000   0.6
07  23     0236   1.6     0736   1.2     1316   2.0     2030   0.7
07  24     0314   1.7     0846   1.2     1406   1.8     2104   0.8
07  25     0357   1.7     1004   1.2     1519   1.6     2142   0.9
07  26     0442   1.8     1126   1.1     1649   1.5     2226   1.0
07  27     0527   2.0     1250   0.9     1841   1.4     2317   1.1
07  28     0611   2.1     1353   0.7     2009   1.4               
07  29     0014   1.2     0655   2.3     1446   0.4     2113   1.5
07  30     0112   1.2     0740   2.5     1534   0.3     2205   1.6
07  31     0208   1.2     0827   2.6     1621   0.1     2250   1.6
08  01     0301   1.1     0916   2.7     1706   0.0     2331   1.7
08  02     0352   1.1     1005   2.8     1750   0.0               
08  03     0012   1.7     0442   1.0     1056   2.7     1831   0.1
08  04     0052   1.8     0534   1.0     1149   2.6     1912   0.2
08  05     0133   1.8     0628   1.0     1244   2.4     1951   0.4
08  06     0215   1.9     0731   1.0     1344   2.2     2031   0.6
08  07     0300   2.0     0849   1.0     1500   1.9     2112   0.8
08  08     0348   2.0     1010   1.0     1632   1.6     2156   1.0
08  09     0441   2.1     1141   0.9     1829   1.5     2248   1.2
08  10     0535   2.2     1318   0.8     2023   1.5     2349   1.3
08  11     0625   2.2     1425   0.6     2124   1.5               
08  12     0050   1.3     0711   2.3     1513   0.5     2202   1.6
08  13     0144   1.3     0753   2.4     1554   0.4     2230   1.6
08  14     0230   1.3     0834   2.5     1630   0.3     2256   1.6
08  15     0311   1.2     0914   2.5     1703   0.4     2322   1.7
08  16     0351   1.1     0953   2.5     1734   0.4     2347   1.7
08  17     0429   1.1     1030   2.5     1800   0.5               
08  18     0009   1.7     0507   1.0     1106   2.4     1821   0.6
08  19     0028   1.8     0547   1.0     1143   2.3     1842   0.6
08  20     0049   1.8     0629   1.0     1221   2.2     1904   0.7
08  21     0114   1.9     0717   1.0     1302   2.0     1930   0.9
08  22     0145   1.9     0816   1.1     1351   1.8     1956   1.0
08  23     0221   2.0     0927   1.0     1506   1.6     2025   1.1
08  24     0310   2.0     1044   1.0     1649   1.5     2101   1.3
08  25     0413   2.1     1212   0.8     1911   1.4     2203   1.4
08  26     0519   2.2     1327   0.6     2029   1.5     2339   1.4
08  27     0622   2.4     1424   0.4     2115   1.6               
08  28     0059   1.4     0721   2.5     1513   0.3     2151   1.7
08  29     0203   1.3     0816   2.7     1558   0.2     2225   1.8
08  30     0258   1.1     0909   2.7     1640   0.2     2258   1.9
08  31     0350   1.0     1002   2.8     1720   0.2     2330   2.0
09  01     0440   0.9     1055   2.7     1757   0.3               
09  02     0001   2.1     0531   0.8     1149   2.5     1832   0.5
09  03     0031   2.1     0625   0.8     1245   2.3     1905   0.7
09  04     0104   2.2     0726   0.8     1349   2.0     1936   0.9
09  05     0141   2.2     0835   0.9     1505   1.8     2008   1.2
09  06     0224   2.2     0951   0.9     1643   1.6     2041   1.3
09  07     0321   2.2     1122   0.9     1928   1.5     2129   1.5
09  08     0437   2.2     1305   0.8     2049   1.6     2320   1.6
09  09     0552   2.2     1407   0.7     2124   1.7               
09  10     0046   1.5     0651   2.3     1450   0.6     2145   1.7
09  11     0144   1.4     0739   2.3     1526   0.5     2203   1.8
09  12     0230   1.3     0822   2.4     1558   0.5     2222   1.8
09  13     0310   1.2     0903   2.4     1627   0.6     2240   1.9
09  14     0347   1.1     0941   2.4     1652   0.6     2256   1.9
09  15     0423   1.0     1019   2.4     1712   0.7     2310   2.0
09  16     0459   0.9     1056   2.3     1730   0.8     2326   2.1
09  17     0537   0.9     1134   2.2     1750   0.9     2346   2.1
09  18     0617   0.9     1214   2.1     1813   1.0               
09  19     0008   2.2     0701   0.9     1259   1.9     1837   1.1
09  20     0033   2.2     0755   0.9     1357   1.8     1901   1.2
09  21     0102   2.2     0900   0.9     1521   1.6     1924   1.4
09  22     0142   2.2     1015   0.8     1732   1.5     1949   1.5
09  23     0243   2.2     1137   0.8                              
09  24     0430   2.3     1254   0.6     2030   1.7     2341   1.6
09  25     0600   2.4     1353   0.5     2057   1.8               
09  26     0103   1.5     0710   2.5     1442   0.4     2122   1.9
09  27     0204   1.3     0810   2.6     1525   0.4     2147   2.0
09  28     0258   1.0     0906   2.6     1605   0.4     2211   2.1
09  29     0349   0.8     1000   2.6     1641   0.5     2235   2.3
09  30     0438   0.7     1055   2.5     1714   0.6     2303   2.4
10  01     0529   0.6     1153   2.3     1745   0.8     2333   2.5
10  02     0622   0.6     1253   2.1     1814   1.0               
10  03     0006   2.5     0718   0.7     1357   1.9     1842   1.2
10  04     0041   2.5     0820   0.7     1510   1.7     1909   1.4
10  05     0120   2.4     0929   0.8     1726   1.6     1932   1.6
10  06     0210   2.3     1050   0.8                              
10  07     0325   2.2     1222   0.8     2043   1.8     2316   1.7
10  08     0508   2.1     1324   0.7     2059   1.8               
10  09     0049   1.6     0625   2.1     1407   0.7     2113   1.9
10  10     0143   1.5     0720   2.2     1442   0.7     2124   2.0
10  11     0226   1.3     0807   2.2     1513   0.7     2137   2.0
10  12     0304   1.1     0849   2.2     1539   0.8     2150   2.1
10  13     0340   1.0     0929   2.2     1600   0.8     2203   2.2
10  14     0415   0.9     1009   2.2     1619   0.9     2217   2.3
10  15     0450   0.8     1049   2.2     1640   1.0     2236   2.3
10  16     0527   0.7     1130   2.1     1703   1.1     2256   2.4
10  17     0606   0.7     1215   2.0     1728   1.2     2319   2.5
10  18     0650   0.7     1308   1.8     1753   1.3     2345   2.5
10  19     0742   0.7     1417   1.7     1816   1.4               
10  20     0016   2.5     0845   0.7     1541   1.6     1836   1.5
10  21     0057   2.4     0955   0.7                              
10  22     0159   2.3     1107   0.7                              
10  23     0351   2.2     1217   0.6     2002   1.9     2350   1.7
10  24     0546   2.3     1315   0.6     2023   2.0               
10  25     0105   1.4     0703   2.3     1403   0.5     2043   2.1
10  26     0203   1.2     0805   2.4     1445   0.6     2102   2.2
10  27     0257   0.9     0904   2.4     1523   0.7     2124   2.4
10  28     0348   0.7     1002   2.3     1558   0.8     2150   2.5
10  29     0438   0.5     1103   2.2     1630   0.9     2220   2.6
10  30     0528   0.5     1204   2.0     1700   1.1     2251   2.7
10  31     0619   0.5     1301   1.9     1729   1.3     2325   2.7
11  01     0711   0.5     1359   1.8     1757   1.4     2359   2.6
11  02     0805   0.6     1507   1.7     1822   1.5               
11  03     0035   2.5     0904   0.7                              
11  04     0118   2.3     1008   0.8                              
11  05     0219   2.1     1120   0.8     2011   1.8     2256   1.8
11  06     0355   2.0     1222   0.8     2022   1.9               
11  07     0035   1.6     0535   2.0     1309   0.8     2029   2.0
11  08     0130   1.4     0649   1.9     1346   0.9     2037   2.0
11  09     0213   1.2     0744   2.0     1416   0.9     2049   2.1
11  10     0252   1.0     0831   2.0     1441   1.0     2101   2.2
11  11     0329   0.9     0916   2.0     1503   1.0     2114   2.3
11  12     0405   0.7     1001   1.9     1527   1.1     2132   2.5
11  13     0441   0.6     1046   1.9     1553   1.1     2154   2.6
11  14     0519   0.5     1133   1.9     1621   1.2     2218   2.6
11  15     0600   0.5     1225   1.8     1649   1.3     2246   2.7
11  16     0645   0.4     1323   1.7     1717   1.4     2317   2.6
11  17     0737   0.5     1427   1.6     1746   1.5     2354   2.6
11  18     0834   0.5     1541   1.6     1819   1.6               
11  19     0042   2.5     0936   0.5                              
11  20     0145   2.3     1038   0.6     1849   1.8     2159   1.7
11  21     0329   2.1     1139   0.6     1916   1.9     2345   1.5
11  22     0534   2.1     1234   0.6     1939   2.0               
11  23     0100   1.3     0656   2.0     1322   0.7     1959   2.2
11  24     0201   1.0     0805   2.0     1404   0.8     2020   2.4
11  25     0257   0.7     0912   2.0     1442   0.9     2045   2.5
11  26     0350   0.5     1018   1.9     1517   1.0     2114   2.7
11  27     0440   0.4     1117   1.8     1550   1.1     2146   2.7
11  28     0529   0.3     1209   1.8     1621   1.2     2220   2.7
11  29     0616   0.3     1259   1.7     1652   1.3     2255   2.7
11  30     0702   0.4     1349   1.6     1722   1.4     2330   2.6
12  01     0748   0.5     1446   1.6     1750   1.5               
12  02     0006   2.4     0835   0.6                              
12  03     0044   2.3     0922   0.7                              
12  04     0130   2.1     1012   0.7     1917   1.7     2149   1.7
12  05     0238   1.9     1104   0.8     1922   1.8     2352   1.6
12  06     0410   1.8     1153   0.9     1931   1.9               
12  07     0103   1.4     0547   1.7     1233   1.0     1946   2.0
12  08     0153   1.1     0713   1.6     1306   1.0     2000   2.1
12  09     0236   0.9     0813   1.6     1336   1.1     2012   2.3
12  10     0316   0.7     0906   1.6     1407   1.1     2029   2.4
12  11     0355   0.6     0957   1.7     1439   1.1     2054   2.5
12  12     0434   0.4     1048   1.6     1512   1.2     2123   2.6
12  13     0514   0.3     1138   1.6     1546   1.2     2155   2.7
12  14     0557   0.2     1229   1.6     1622   1.2     2231   2.7
12  15     0642   0.2     1320   1.6     1701   1.3     2311   2.7
12  16     0730   0.3     1414   1.6     1746   1.4     2355   2.6
12  17     0820   0.3     1512   1.6     1841   1.4               
12  18     0046   2.4     0912   0.4     1617   1.6     1953   1.5
12  19     0146   2.2     1004   0.5     1725   1.7     2154   1.5
12  20     0315   2.0     1058   0.6     1813   1.9     2330   1.3
12  21     0521   1.8     1150   0.8     1848   2.0               
12  22     0052   1.1     0657   1.7     1238   0.9     1916   2.2
12  23     0203   0.8     0824   1.6     1323   1.0     1944   2.4
12  24     0303   0.6     0939   1.6     1404   1.1     2014   2.5
12  25     0355   0.4     1035   1.6     1442   1.1     2047   2.6
12  26     0442   0.3     1122   1.6     1518   1.2     2123   2.7
12  27     0527   0.2     1204   1.6     1553   1.2     2200   2.7
12  28     0609   0.2     1244   1.5     1628   1.3     2237   2.6
12  29     0648   0.3     1325   1.5     1704   1.3     2313   2.5
12  30     0725   0.4     1407   1.5     1741   1.3     2349   2.4
12  31     0759   0.5     1454   1.5     1822   1.4               
